1000
1001
1002
1003
1008
1009
1010
1012
1018
1068
1074
1152
1181
1182
1235
1244
1247
1252
1253
1259
1264
1271
1297
1309
1312
1330
1371
1448
1453
1463
1495
1541
1546
1551
1629
1676
1697
1717
1735
1748
1764
1769
1789
1809
1876
1920
1927
1929
1931
1932
1966
1978
1991
2003
2010
2116
2164
2178
2231
2304
2309
2312
2393
2420
2422
2438
2439
2440
2441
2448
2460
2467
2475
2490
2501
2525
2557
2558
2559
2562
2563
2564
2576
2577
2578
2581
2606
2609
2628
2630
2635
2669
2675
2738
2739
2740
2741
2743
2744
2751
2753
2754
2798
2805
2845
2857
2884
2959
2961
2975
3046
3181
3273
3584
4101
4153
4470
4539
4583
5338
5339
5522
5596
5597
5618
5717
6322
7287
7562
7569
7576
8932
9012
9086
9095
9251
9461
9498
9655
9663
9935
10101
10171
10172
10179
10699
10718
10807
10808
10814
10816
10818
10828
10830
10844
10845
10865
10869
10871
10872
10926
10950
10951
10952
10998
11021
11022
11048
11050
11051
11053
11060
11279
11382
11399
11478
11650
11651
11654
11659
11660
11663
11718
11720
11723
11724
11725
11726
11727
11866
11942
11966
12789
12790
12865
13164
13235
13277
13549
13565
14581
14645
14681
14928
14938
14940
15232
15552
15650
15654
15663
15680
15681
15727
15740
15873
15962
15964
16170
16204
16430
16564
16953
17298
17362
17626
17836
18108
18127
18870
19532
20040
20920
21921
22950
25083
25191
25314
25372
25494
26264
27110
27323
27433
27446
27866
27889
27918
27959
28061
28074
28278
28444
28691
28701
29699
29731
29751
29790
29863
30030
30501
30802
30804
31495
31775
32291
32651
32775
32929
32951
33161
33169
33170
33178